<?xml version="1.0" encoding="utf-8"?>

<golem>
  <sensor>
    <deformation></deformation>
    <extrinsic m11="-0.292155" m12="-0.0226943" m13="0.956102" m21="-0.955787" m22="0.0418546" m23="-0.291066" m31="-0.0334117" m32="-0.998866" m33="-0.0339189" v1="0.122062" v2="0.00261427" v3="0.181971">
      <model manual="1" simulation="0">
        <equation>
          <first c1="0.583541" c2="-0.322116" c3="-0.475262" c4="-1.90231" c5="0.454251" c6="-0.250639" c7="-0.304362" c8="0.0149255" c9="0.0149255" dim="9" m11="0.157825" m12="-0.0424952" m13="0.986552" m21="0.298374" m22="0.954426" m23="-0.0066215" m31="-0.94131" m32="0.295406" m33="0.163312" planner_index="0" v1="0.285007" v2="-0.0192077" v3="0.741371"></first>
          <second m11="-0.999966" m12="0.00733345" m13="-0.00369841" m21="0.00777745" m22="0.990206" m23="-0.1394" m31="0.0026399" m32="-0.139424" m33="-0.990229" v1="0.174613" v2="0.0846639" v3="0.546741"></second>
        </equation>
        <equation>
          <first c1="1.17197" c2="-0.832401" c3="-1.2217" c4="-1.78015" c5="0.0606782" c6="-0.0790334" c7="-0.195774" c8="0.015149" c9="0.015149" dim="9" m11="0.16775" m12="-0.0426321" m13="0.984907" m21="0.592746" m22="0.802663" m23="-0.0662136" m31="-0.787726" m32="0.594907" m33="0.159917" planner_index="0" v1="0.277045" v2="-0.289343" v3="0.685723"></first>
          <second m11="-0.943205" m12="0.0587687" m13="0.326971" m21="0.0144787" m22="0.990565" m23="-0.136275" m31="-0.331895" m32="-0.123801" m33="-0.935157" v1="-0.0718448" v2="0.0821957" v3="0.513421"></second>
        </equation>
        <equation>
          <first c1="-0.274021" c2="0.143383" c3="0.263664" c4="-1.50373" c5="0.00789559" c6="0.0701824" c7="0.258222" c8="0.0151495" c9="0.0151495" dim="9" m11="-0.13244" m12="0.0489333" m13="0.989982" m21="0.300095" m22="0.953884" m23="-0.00700207" m31="-0.94467" m32="0.296162" m33="-0.141017" planner_index="0" v1="0.456736" v2="-0.0203402" v3="0.747163"></first>
          <second m11="-0.999936" m12="0.0076253" m13="-0.00834511" m21="0.00606739" m22="0.984913" m23="0.172946" m31="0.00953797" m32="0.172884" m33="-0.984896" v1="0.176399" v2="-0.0557351" v3="0.497407"></second>
        </equation>
        <equation>
          <first c1="0.322853" c2="0.00507616" c3="0.43024" c4="-1.77374" c5="1.1245" c6="-0.787732" c7="-1.17794" c8="0.0151485" c9="0.0151485" dim="9" m11="0.155564" m12="-0.038082" m13="0.987092" m21="-0.0639431" m22="0.996773" m23="0.0485328" m31="-0.985754" m32="-0.0706676" m33="0.152627" planner_index="0" v1="0.287471" v2="0.268491" v3="0.697568"></first>
          <second m11="-0.931076" m12="-0.0424441" m13="-0.362348" m21="0.0116031" m22="0.989262" m23="-0.145693" m31="0.364641" m32="-0.139856" m33="-0.920585" v1="0.425731" v2="0.0887099" v3="0.49107"></second>
        </equation>
        <pose m11="0.0319252" m12="-0.999468" m13="0.00668981" m21="0.99939" m22="0.0318266" m23="-0.0143507" m31="0.0141301" m32="0.00714388" m33="0.999875" v1="0.557667" v2="-0.150058" v3="0.107306"></pose>
        <pose_euler pitch="-0.0141306" roll="0.00714466" v1="0.557667" v2="-0.150058" v3="0.107306" yaw="1.53886"></pose_euler>
        <pose_quat q0="0.718266" q1="0.00748141" q2="-0.00258968" q3="0.695723" v1="0.557667" v2="-0.150058" v3="0.107306"></pose_quat>
      </model>
    </extrinsic>
    <intrinsic cx="318.971" cy="237.572" f="6" fx="573.117" fy="574.256" h="480" k1="-0.073259" k2="0.356623" k3="-0.765897" k4="0" k5="0" k6="0" p1="-0.000617227" p2="0.00107566" w="640"></intrinsic>
    <pattern dx="0.035" dy="0.035" nx="6" ny="9"></pattern>
  </sensor>
</golem>
