<?xml version="1.0" encoding="utf-8"?>

<golem>
  <sensor>
    <deformation>
      <!--<equation>
        <first c1="2.24193" c10="0.142064" c11="0.142064" c12="-0.00654866" c13="0.100277" c14="0.0305027" c15="0.0305027" c16="-0.00606714" c17="0.0945662" c18="0.0693138" c19="0.0693138" c2="-0.780106" c20="-0.0020607" c21="0.0599753" c22="0.117785" c23="0.117785" c24="-0.0299913" c25="0.0625013" c26="0.496331" c27="0.496331" c28="0" c29="0" c3="2.56494" c30="0" c31="0" c32="0" c33="0" c34="0" c35="0" c36="0" c37="0" c38="0" c39="0" c4="-1.99426" c40="0" c41="0" c42="0" c43="0" c44="0" c45="0" c46="0" c47="0" c48="0" c49="0" c5="0.489681" c50="0" c51="0" c52="0" c53="0" c54="0" c55="0" c56="0" c57="0" c58="0" c59="0" c6="-1.03599" c60="0" c61="0" c7="-1.15281" c8="0.0312694" c9="0.0836128" dim="61" m11="-0.17835" m12="0.0904349" m13="0.979802" m21="0.0120315" m22="0.995893" m23="-0.0897301" m31="-0.983894" m32="-0.00421489" m33="-0.178706" planner_index="0" v1="0.418523" v2="-0.368615" v3="0.359349"></first>
        <second m11="1" m12="0" m13="0" m21="0" m22="1" m23="0" m31="0" m32="0" m33="1" v1="0" v2="0" v3="0"></second>
      </equation>
      <equation>
        <first c1="1.98704" c10="0.142064" c11="0.142064" c12="-0.00654866" c13="0.100277" c14="0.0305027" c15="0.0305027" c16="-0.00606714" c17="0.0945662" c18="0.0693138" c19="0.0693138" c2="-1.82022" c20="-0.0020607" c21="0.0599753" c22="0.117785" c23="0.117785" c24="-0.0299913" c25="0.0625013" c26="0.496331" c27="0.496331" c28="0" c29="0" c3="2.68372" c30="0" c31="0" c32="0" c33="0" c34="0" c35="0" c36="0" c37="0" c38="0" c39="0" c4="-0.993677" c40="0" c41="0" c42="0" c43="0" c44="0" c45="0" c46="0" c47="0" c48="0" c49="0" c5="-0.472116" c50="0" c51="0" c52="0" c53="0" c54="0" c55="0" c56="0" c57="0" c58="0" c59="0" c6="0.70115" c60="0" c61="0" c7="-0.601656" c8="0.0301524" c9="0.0847298" dim="61" m11="-0.110412" m12="-0.992321" m13="0.0557565" m21="-0.870354" m22="0.123623" m23="0.476656" m31="-0.479889" m32="0.0041005" m33="-0.87732" planner_index="0" v1="0.535348" v2="0.0124459" v3="0.250921"></first>
        <second m11="0.999524" m12="0.00288608" m13="-0.0307013" m21="-0.00288835" m22="0.999996" m23="-2.9511e-005" m31="0.0307011" m32="0.000118173" m33="0.999529" v1="0.00166648" v2="-0.00157792" v3="-0.0104585"></second>
      </equation>
      <equation>
        <first c1="1.60132" c10="0.142064" c11="0.142064" c12="-0.00654866" c13="0.100277" c14="0.0305027" c15="0.0305027" c16="-0.00606714" c17="0.0945662" c18="0.0693138" c19="0.0693138" c2="-1.85831" c20="-0.0020607" c21="0.0599753" c22="0.117785" c23="0.117785" c24="-0.0299913" c25="0.0625013" c26="0.496331" c27="0.496331" c28="0" c29="0" c3="1.77601" c30="0" c31="0" c32="0" c33="0" c34="0" c35="0" c36="0" c37="0" c38="0" c39="0" c4="-0.0109398" c40="0" c41="0" c42="0" c43="0" c44="0" c45="0" c46="0" c47="0" c48="0" c49="0" c5="0.450076" c50="0" c51="0" c52="0" c53="0" c54="0" c55="0" c56="0" c57="0" c58="0" c59="0" c6="1.04643" c60="0" c61="0" c7="-0.639305" c8="0.0301524" c9="0.0847298" dim="61" m11="-0.586622" m12="-0.733655" m13="0.342967" m21="-0.584293" m22="0.676647" m23="0.448051" m31="-0.560783" m32="0.0624437" m33="-0.825605" planner_index="0" v1="0.757078" v2="-0.206364" v3="0.247679"></first>
        <second m11="0.999708" m12="0.0138524" m13="-0.0198134" m21="-0.0139376" m22="0.999894" m23="-0.00416524" m31="0.0197536" m32="0.00444017" m33="0.999795" v1="0.00663449" v2="0.0105018" v3="-0.00462232"></second>
      </equation>
      <equation>
        <first c1="1.65993" c10="0.142064" c11="0.142064" c12="-0.00654866" c13="0.100277" c14="0.0305027" c15="0.0305027" c16="-0.00606714" c17="0.0945662" c18="0.0693138" c19="0.0693138" c2="-1.53043" c20="-0.0020607" c21="0.0599753" c22="0.117785" c23="0.117785" c24="-0.0299913" c25="0.0625013" c26="0.496331" c27="0.496331" c28="0" c29="0" c3="1.68962" c30="0" c31="0" c32="0" c33="0" c34="0" c35="0" c36="0" c37="0" c38="0" c39="0" c4="-0.361573" c40="0" c41="0" c42="0" c43="0" c44="0" c45="0" c46="0" c47="0" c48="0" c49="0" c5="0.208222" c50="0" c51="0" c52="0" c53="0" c54="0" c55="0" c56="0" c57="0" c58="0" c59="0" c6="0.617483" c60="0" c61="0" c7="-0.0828264" c8="0.0301524" c9="0.0847298" dim="61" m11="-0.768716" m12="0.0199588" m13="0.639279" m21="0.0207645" m22="0.999765" m23="-0.0062448" m31="-0.639253" m32="0.00847382" m33="-0.768949" planner_index="0" v1="0.773978" v2="-0.460168" v3="0.225307"></first>
        <second m11="0.999705" m12="0.0173148" m13="-0.0170092" m21="-0.0174883" m22="0.999796" m23="-0.0101021" m31="0.0168308" m32="0.0103966" m33="0.999804" v1="0.00813513" v2="0.0132159" v3="0.000390939"></second>
      </equation>
      <equation>
        <first c1="1.64565" c10="0.142064" c11="0.142064" c12="-0.00654866" c13="0.100277" c14="0.0305027" c15="0.0305027" c16="-0.00606714" c17="0.0945662" c18="0.0693138" c19="0.0693138" c2="-1.20667" c20="-0.0020607" c21="0.0599753" c22="0.117785" c23="0.117785" c24="-0.0299913" c25="0.0625013" c26="0.496331" c27="0.496331" c28="0" c29="0" c3="1.61824" c30="0" c31="0" c32="0" c33="0" c34="0" c35="0" c36="0" c37="0" c38="0" c39="0" c4="-0.49662" c40="0" c41="0" c42="0" c43="0" c44="0" c45="0" c46="0" c47="0" c48="0" c49="0" c5="-0.14301" c50="0" c51="0" c52="0" c53="0" c54="0" c55="0" c56="0" c57="0" c58="0" c59="0" c6="0.587906" c60="0" c61="0" c7="0.634228" c8="0.0301524" c9="0.0847298" dim="61" m11="-0.484924" m12="0.723927" m13="0.490693" m21="0.600733" m22="0.683486" m23="-0.414687" m31="-0.635585" m32="0.0936839" m33="-0.766326" planner_index="0" v1="0.709245" v2="-0.710457" v3="0.225514"></first>
        <second m11="0.999861" m12="0.00829003" m13="-0.014475" m21="-0.0085264" m22="0.99983" m23="-0.0163454" m31="0.014337" m32="0.0164665" m33="0.999762" v1="0.00433635" v2="0.0106587" v3="0.00538544"></second>
      </equation>
      <equation>
        <first c1="1.70971" c10="0.142064" c11="0.142064" c12="-0.00654866" c13="0.100277" c14="0.0305027" c15="0.0305027" c16="-0.00606714" c17="0.0945662" c18="0.0693138" c19="0.0693138" c2="-0.944046" c20="-0.0020607" c21="0.0599753" c22="0.117785" c23="0.117785" c24="-0.0299913" c25="0.0625013" c26="0.496331" c27="0.496331" c28="0" c29="0" c3="1.20652" c30="0" c31="0" c32="0" c33="0" c34="0" c35="0" c36="0" c37="0" c38="0" c39="0" c4="-0.707644" c40="0" c41="0" c42="0" c43="0" c44="0" c45="0" c46="0" c47="0" c48="0" c49="0" c5="0.126308" c50="0" c51="0" c52="0" c53="0" c54="0" c55="0" c56="0" c57="0" c58="0" c59="0" c6="0.752085" c60="0" c61="0" c7="0.841225" c8="0.0301524" c9="0.0847298" dim="61" m11="-0.00618681" m12="0.997805" m13="0.0659295" m21="0.850136" m22="0.0399633" m23="-0.525044" m31="-0.526526" m32="0.0528007" m33="-0.848518" planner_index="0" v1="0.53891" v2="-0.936026" v3="0.253967"></first>
        <second m11="0.999856" m12="0.000172961" m13="-0.0169695" m21="-0.000555525" m22="0.999746" m23="-0.0225421" m31="0.0169613" m32="0.0225483" m33="0.999602" v1="0.00405687" v2="0.00789605" v3="0.00795688"></second>
      </equation>
      <equation>
        <first c1="2.05574" c10="0.142064" c11="0.142064" c12="-0.00654866" c13="0.100277" c14="0.0305027" c15="0.0305027" c16="-0.00606714" c17="0.0945662" c18="0.0693138" c19="0.0693138" c2="-0.926673" c20="-0.0020607" c21="0.0599753" c22="0.117785" c23="0.117785" c24="-0.0299913" c25="0.0625013" c26="0.496331" c27="0.496331" c28="0" c29="0" c3="0.688766" c30="0" c31="0" c32="0" c33="0" c34="0" c35="0" c36="0" c37="0" c38="0" c39="0" c4="-1.69529" c40="0" c41="0" c42="0" c43="0" c44="0" c45="0" c46="0" c47="0" c48="0" c49="0" c5="0.72129" c50="0" c51="0" c52="0" c53="0" c54="0" c55="0" c56="0" c57="0" c58="0" c59="0" c6="0.409977" c60="0" c61="0" c7="0.531437" c8="0.0301524" c9="0.0847298" dim="61" m11="0.52046" m12="0.828549" m13="-0.206463" m21="0.726476" m22="-0.556727" m23="-0.40285" m31="-0.448725" m32="0.059677" m33="-0.891675" planner_index="0" v1="0.204648" v2="-0.907178" v3="0.239672"></first>
        <second m11="0.999618" m12="0.0136468" m13="-0.024022" m21="-0.013956" m22="0.999821" m23="-0.0127489" m31="0.0238437" m32="0.0130793" m33="0.99963" v1="0.0135616" v2="0.0136028" v3="-0.000333402"></second>
      </equation>-->
    </deformation>
    <extrinsic m11="-0.0136119" m12="-0.0760474" m13="0.997011" m21="0.999907" m22="-0.00207555" m23="0.0134931" m31="0.00104323" m32="0.997102" m33="0.0760686" v1="0.0775582" v2="-0.0448966" v3="0.159657">
      <model manual="1" simulation="0">
        <equation>
          <first c1="2.24195" c10="0.071981" c11="0.071981" c12="0.0794829" c13="-0.0397148" c14="0.155823" c15="-0.00125664" c16="0.0994095" c17="0.0936399" c18="0.0382663" c19="0.0225583" c2="-0.780101" c20="0.04827" c21="0.182995" c22="0.0304032" c23="0.0304032" c24="0.0685501" c25="0.0357918" c26="0.503699" c27="0.487991" c28="0" c29="0" c3="2.56493" c30="0" c31="0" c32="0" c33="0" c34="0" c35="0" c36="0" c37="0" c38="0" c39="0" c4="-1.99426" c40="0" c41="0" c42="0" c43="0" c44="0" c45="0" c46="0" c47="0" c48="0" c49="0" c5="0.489696" c50="0" c51="0" c52="0" c53="0" c54="0" c55="0" c56="0" c57="0" c58="0" c59="0" c6="-1.03592" c60="0" c61="0" c7="-1.15267" c8="-0.000787328" c9="0.185837" dim="61" m11="-0.178355" m12="0.0904094" m13="0.979804" m21="0.0121901" m22="0.995896" m23="-0.0896753" m31="-0.983891" m32="-0.00405019" m33="-0.178726" planner_index="0" v1="0.418524" v2="-0.368617" v3="0.359357"></first>
          <second m11="0.992239" m12="-0.122699" m13="0.0201497" m21="-0.124205" m22="-0.985662" m23="0.114207" m31="0.00584778" m32="-0.115824" m33="-0.993253" v1="0.084514" v2="0.0381877" v3="0.597442"></second>
        </equation>
        <equation>
          <first c1="2.15358" c10="0.071981" c11="0.071981" c12="0.0794829" c13="-0.0397148" c14="0.155823" c15="-0.00125664" c16="0.0994095" c17="0.0936399" c18="0.0382663" c19="0.0225583" c2="-1.44174" c20="0.0426849" c21="0.184112" c22="0.0304032" c23="0.0304032" c24="0.0685501" c25="0.0357918" c26="0.503699" c27="0.487991" c28="0" c29="0" c3="2.41635" c30="0" c31="0" c32="0" c33="0" c34="0" c35="0" c36="0" c37="0" c38="0" c39="0" c4="-1.23596" c40="0" c41="0" c42="0" c43="0" c44="0" c45="0" c46="0" c47="0" c48="0" c49="0" c5="0.5263" c50="0" c51="0" c52="0" c53="0" c54="0" c55="0" c56="0" c57="0" c58="0" c59="0" c6="0.0402329" c60="0" c61="0" c7="-1.15165" c8="-0.000787328" c9="0.185837" dim="61" m11="-0.327076" m12="-0.673125" m13="0.663268" m21="-0.339607" m22="0.738709" m23="0.582217" m31="-0.881866" m32="-0.0348218" m33="-0.470212" planner_index="0" v1="0.601395" v2="-0.203209" v3="0.334671"></first>
          <second m11="0.76372" m12="0.586137" m13="-0.27051" m21="0.645426" m22="-0.701446" m23="0.302322" m31="-0.012546" m32="-0.405484" m33="-0.914016" v1="0.336244" v2="-0.124774" v3="0.534471"></second>
        </equation>
        <equation>
          <first c1="2.11748" c10="0.071981" c11="0.071981" c12="0.0794829" c13="-0.0397148" c14="0.155823" c15="-0.00125664" c16="0.0994095" c17="0.0936399" c18="0.0382663" c19="0.0225583" c2="-1.40558" c20="0.0426849" c21="0.184112" c22="0.0304032" c23="0.0304032" c24="0.0685501" c25="0.0357918" c26="0.503699" c27="0.487991" c28="0" c29="0" c3="1.89856" c30="0" c31="0" c32="0" c33="0" c34="0" c35="0" c36="0" c37="0" c38="0" c39="0" c4="-1.20023" c40="0" c41="0" c42="0" c43="0" c44="0" c45="0" c46="0" c47="0" c48="0" c49="0" c5="0.97231" c50="0" c51="0" c52="0" c53="0" c54="0" c55="0" c56="0" c57="0" c58="0" c59="0" c6="-0.13718" c60="0" c61="0" c7="-1.02369" c8="-0.000787328" c9="0.185837" dim="61" m11="-0.529154" m12="0.0323992" m13="0.847907" m21="0.013145" m22="0.999464" m23="-0.0299869" m31="-0.848424" m32="-0.00472199" m33="-0.529296" planner_index="0" v1="0.65142" v2="-0.404604" v3="0.274492"></first>
          <second m11="0.997193" m12="-0.0606428" m13="0.043909" m21="-0.074161" m22="-0.880579" m23="0.468061" m31="0.0102809" m32="-0.470003" m33="-0.882605" v1="0.0504804" v2="-0.147183" v3="0.465831"></second>
        </equation>
        <equation>
          <first c1="2.12904" c10="0.071981" c11="0.071981" c12="0.0794829" c13="-0.0397148" c14="0.155823" c15="-0.00125664" c16="0.0994095" c17="0.0936399" c18="0.0382663" c19="0.0225583" c2="-0.979385" c20="0.0426849" c21="0.184112" c22="0.0304032" c23="0.0304032" c24="0.0685501" c25="0.0357918" c26="0.503699" c27="0.487991" c28="0" c29="0" c3="1.61952" c30="0" c31="0" c32="0" c33="0" c34="0" c35="0" c36="0" c37="0" c38="0" c39="0" c4="-1.22828" c40="0" c41="0" c42="0" c43="0" c44="0" c45="0" c46="0" c47="0" c48="0" c49="0" c5="1.31726" c50="0" c51="0" c52="0" c53="0" c54="0" c55="0" c56="0" c57="0" c58="0" c59="0" c6="-0.16069" c60="0" c61="0" c7="-1.0171" c8="-0.000787328" c9="0.185837" dim="61" m11="-0.262876" m12="0.667375" m13="0.696783" m21="0.555699" m22="0.695098" m23="-0.456112" m31="-0.78873" m32="0.267301" m33="-0.553584" planner_index="0" v1="0.576692" v2="-0.718805" v3="0.290393"></first>
          <second m11="0.66159" m12="-0.524415" m13="0.535992" m21="-0.699437" m22="-0.689262" m23="0.18896" m31="0.270346" m32="-0.499907" m33="-0.822804" v1="-0.270884" v2="-0.0303954" v3="0.469654"></second>
        </equation>
        <pose m11="-0.0324447" m12="-0.999435" m13="-0.00873055" m21="0.999471" m22="-0.0324637" m23="0.00203987" m31="-0.00232215" m32="-0.00865975" m33="0.99996" v1="0.602906" v2="-0.510619" v3="-0.342114"></pose>
        <pose_euler pitch="0.00232215" roll="-0.00865988" v1="0.602906" v2="-0.510619" v3="-0.342114" yaw="1.60325"></pose_euler>
        <pose_quat q0="0.695531" q1="-0.00384585" q2="-0.00230342" q3="0.718482" v1="0.602906" v2="-0.510619" v3="-0.342114"></pose_quat>
      </model>
    </extrinsic>
    <intrinsic cx="322.76" cy="244.195" f="6" fx="573.831" fy="574.803" h="480" k1="-0.0647698" k2="0.339511" k3="-0.756808" k4="0" k5="0" k6="0" p1="0.000182938" p2="-9.07722e-005" w="640"></intrinsic>
    <pattern dx="0.035" dy="0.035" nx="6" ny="9"></pattern>
  </sensor>
</golem>
